$ANSIBLE_VAULT;1.1;AES256
35363563303132386531313861613365346533306465313032666330626634343433373566356465
3536393030363934353737326535366265656136386339370a636639316239653961333064393663
31386533306661313463386364353235313866393663323030626464633964613030366566306632
6463363632303063350a303733373332623462353566666636353261373431313932396438643734
62313736383162313638316235383064353237613063376131396564323635343838656562656637
38306464366631326166623639323238626430623435393433613562376436623634623361653865
37616666323936396534643830613736386638366661656339633166396431343931656233626266
64343061343834396633333436326166623732633261326661373830376435383363366537303638
63386433323765366133643935313934373137373933313362613335653732343463366632623730
61656164613239306334383935313432613566656132633061333631373639323433373032333661
30323263323166636636393433393165396333346530616236363066303231393738613332393337
65396438313238653139396664653965353161643930626266346133316166623338636463313563
38333031653136323363656464303461633530613464386533643336616431313436643333386437
32666235643735646139376537363965643466343232366336313866386139306438656331313431
33323034353262663262393239636166323765326536303039653637383134376534663630373430
38393134613863623930386230613662666233366664303033636465336266393931653563323831
63613336363166356539396361316238663664323265633237623035353862323031303634333438
37323536613934393239393338366261623865323837396230666535353965633635643434376566
63623832326231623264633236303864373035333030333235623162613238613838303833303630
36343636653739323238633134643931326263643964323238373430616239373030373336396134
36306532333339336239326330393938323135356164663634666265646235363037343033313630
35666335383339356530383833353765306262336363646131376461323838396236643230313663
34656531656137366636626461623639613461653264343063386236623565353266666161343863
33396334393534323732306139636463313463643734626330663235633036613339653332373564
65616236313766616238623530336130373166306134346238336565393063636336
